100 0.019634174612059522
200 0.012805695933665519
300 0.01098589098577097
400 0.010526040099308388
500 0.010385770664245847
600 0.01033665131825044
700 0.010318103437054802
800 0.010310792124636384
900 0.01030781749747294
1000 0.0103065667059804
1100 0.010306018025545871
1200 0.010305763462988528
1300 0.010305636907714041
1400 0.010305569058836974
1500 0.010305529983935816
1600 0.010305506107337993
1700 0.010305490867113784
1800 0.010305480848810033
1900 0.010305474138879207
2000 0.01030546959315296
2100 0.010305466492541614
2200 0.010305464369147803
2300 0.010305462911584958
